1 0.36929957168052413 0.06271701388888884 0.48267825648778023 0.06271701388888884 0.48267825648778023 0.25802951388888884 0.36929957168052413 0.25802951388888884
1 0.20867976820357773 0.09960937499999996 0.41279512919119815 0.17644585921249906 0.3472537163013353 0.2591145833333333 0.14313835531371477 0.1822780991208342
0 0.502269278730817 0.10982971954434426 0.6455759462495618 0.11973749255134428 0.5976316452506928 0.44900173611111105 0.454324977731948 0.43909396310411103
0 0.11377709938945292 0.34624936491947345 0.3547781664203839 0.45986040563075187 0.2559922486887793 0.5593575684890559 0.014991181657848266 0.4457465277777777
1 0.7873774971039539 0.5025942407652473 0.945263290501386 0.45659722222222215 0.9995965517748573 0.5451488147903081 0.841710758377425 0.5911458333333333
1 0.49685059208868726 0.5379774305555555 0.6102292768959435 0.5379774305555555 0.6102292768959435 0.702907986111111 0.49685059208868726 0.702907986111111
1 0.3728698452114998 0.6177976977469204 0.43577799719222315 0.599470605923776 0.5046441056214388 0.7117076303990776 0.4417359536407155 0.7300347222222221
0 0.20433694965273205 0.6067462913009253 0.30631141345427054 0.5683593749999999 0.45395229196984294 0.7545818336990746 0.35197782816830436 0.7929687499999999
1 0.17348266712745464 0.8551502432829746 0.4232645138498734 0.7611232243002144 0.488380990083467 0.843255967128351 0.23859914336104815 0.937282986111111
2 0.4543335852859662 0.7191840277777777 0.95578231292517 0.7191840277777777 0.95578231292517 0.9998046875 0.4543335852859662 0.9998046875
