1 0.5112522373499053 0.25380879720815586 0.6937172095372081 0.2438362168203533 0.684632570023565 0.16491443364464436 0.5021675978362619 0.17488701403244702
1 0.8857539370955736 0.39914123901436765 1.0055033399185207 0.37727067844629664 0.9394588140204979 0.20557178369452517 0.8197094111975506 0.22744234426259619
0 0.7403874574261924 0.4582765645574596 0.8940277153857353 0.4304037202745886 0.8191815402575164 0.23451448015460707 0.6655412822979736 0.26238732443747803
0 0.3590704274725757 0.6569100278398698 0.5039595183615767 0.6003756715474827 0.3522486460552729 0.415764842651158 0.2073595551662719 0.4722991989435451
1 0.4768723071823764 0.28471595850879516 0.5612531499109852 0.21806186420190937 0.3547934584891266 0.09396250708196234 0.2704126157605178 0.16061660138884815
1 0.5838851215267763 0.6095869169672223 0.4333369712082774 0.6160158088297113 0.45282653288811714 0.8327156565683712 0.6033746832066159 0.8262867647058822
1 0.543976183731577 0.9358515548940101 0.6154693036489612 0.8531644429272731 0.33563786088947434 0.7382855692415291 0.26414474097209006 0.8209726812082658
1 0.2481072160787543 0.4651171546784827 0.08742921069147039 0.45310109119100134 0.06100781341174366 0.6208529070077234 0.22168581879902755 0.6328689704952047
2 0.9901960784313724 0.9940257352941175 0.42830465519541133 0.9940257352941175 0.42830465519541133 0.7458639705882353 0.9901960784313724 0.7458639705882353
0 0.19608213655832693 0.5944010416666666 0.2947505847785997 0.5458632766804543 0.4119619190741217 0.6589952504819294 0.31329347085384884 0.7075330154681416
