1 0.5247746787341546 0.8639283795302543 0.5766350659627362 0.7620952883766264 0.34462916902728064 0.705995259767231 0.2927687817986991 0.8078283509208589
0 0.7194627162276396 0.16661700180081102 0.7707965181134855 0.09393965549388679 0.49771998815294083 0.002358530254090119 0.4463861862670948 0.07503587656101435
2 0.9638972745734284 0.43043221798465614 0.9599786031164185 0.13940816836472641 0.5430683453333884 0.14207361373378868 0.5469870167903984 0.4330976633537184
2 0.9916687280912354 0.9871300365490449 0.9959971444106089 0.6057598893455169 0.5603807314223876 0.6034123990970123 0.5560523151030143 0.9847825463005402
0 0.14421495963515257 0.4414359907746415 0.4893021411440255 0.31555421608715745 0.40995796278902547 0.21227848724125814 0.06487078128015254 0.3381602619287422
0 0.2881787760557602 0.8131861233461741 0.4661769444196788 0.5989239574075919 0.34274317381956754 0.5502360320340749 0.16474500545564896 0.7644981979726572
0 0.5011115676290728 1.040794066336249 0.6134067770557927 0.9422950454508993 0.27758492073189667 0.760511108491327 0.16528971130517664 0.8590101293766764
1 0.6727704937673256 0.07396185406781204 0.9015528386143236 0.02338844468487201 0.8710158643631662 -0.042202442971239165 0.6422335195161682 0.008370966411700865
2 0.004801920768307209 0.003102022058823582 0.441643323996265 0.003102022058823582 0.441643323996265 0.24896599264705888 0.004801920768307209 0.24896599264705888
1 0.7169385379669984 0.156575603216639 0.8030363250581058 0.09549048734448096 0.9462418447141567 0.19132756795137137 0.8601440576230492 0.25241268382352944
