1 0.14931868571788723 0.4603906337216756 0.17976998914322542 0.3049954099908015 0.027033514606415662 0.2907842930361369 -0.003417788818922541 0.446179516767011
1 0.5406714535796352 0.5942769050943467 0.753106187172389 0.48203765207071525 0.6819443831196279 0.4180870055807021 0.46950964952687413 0.5303262586043336
0 0.6134217766337982 1.0199877419040149 0.721242290729445 0.7486106921233528 0.5892303047065504 0.7237072787716443 0.48140979061090355 0.9950843285523063
0 0.7046548249096707 0.22095197648086207 0.8316982498347252 0.04800466263683245 0.6906546925333743 -0.0011889657405819265 0.5636112676083197 0.1717583481034477
1 0.01520032023651576 0.2931368109301057 0.22004216966019097 0.2525994487523381 0.17438018624179172 0.14304369124617908 -0.03046166318188349 0.18358105342394673
0 0.4698837868480726 0.987060546875 0.4432852365907229 0.7137861911696548 0.30403949229297267 0.7202213348653439 0.3306380425503223 0.9934956905706891
0 0.7515003190079007 0.45701006407122735 0.946897856479583 0.2993895027719194 0.8639898915620043 0.25058951621670594 0.668592354090322 0.4082100775160139
1 0.7554353214925669 0.4550909473587982 0.9518601409721498 0.2969731252631432 0.8643086657833331 0.24533193567495423 0.6678838463037502 0.40344975777060926
1 0.5710859845956031 0.35247455954561485 0.8894842065056767 0.2634220200763012 0.8233498720224347 0.15115077376355873 0.5049516501123611 0.24020331323287233
0 0.9997165532879818 0.559814453125 0.7763605442176871 0.559814453125 0.7763605442176871 0.2912109375 0.9997165532879818 0.2912109375
1 0.15225980465941755 0.28658625918443004 0.2309442409068169 0.25259399935935967 0.38735790563515443 0.42450383392492963 0.3086734693877551 0.45849609375
1 0.22947918972367165 0.25743868459480673 0.30882637151476505 0.2216172399488981 0.4535677033330435 0.37384652410409136 0.3742205215419501 0.40966796875
0 0.2634941754105892 0.5252619545473053 0.48012376478147506 0.5714369868381396 0.44242986087058994 0.6554021079526947 0.22580027149970408 0.6092270756618605
0 0.15454931972789115 0.591552734375 0.3195512434042247 0.6146001839079315 0.22933650397030195 0.9212628201962458 0.0643345802939685 0.8982153706633144
0 0.0021967120181405897 0.12402343750000003 0.08134920634920635 0.12402343750000003 0.08134920634920635 0.0 0.0021967120181405897 0.0
